[gd_scene load_steps=11 format=3 uid="uid://csni1uw5a41hg"]

[ext_resource type="Script" uid="uid://dne0mytnw40hc" path="res://Player/player.gd" id="1_l8h54"]
[ext_resource type="PackedScene" uid="uid://ditdum7ioxw8n" path="res://Player/rig.tscn" id="2_4ntmi"]
[ext_resource type="PackedScene" uid="uid://dyr6ovxet0s22" path="res://Player/dash.tscn" id="2_fhl08"]
[ext_resource type="PackedScene" uid="uid://lip8fcwo10sj" path="res://Player/health_component.tscn" id="2_gwnis"]
[ext_resource type="Script" uid="uid://fw3riwubxub8" path="res://Resources/CharacterStats.gd" id="2_vtle1"]
[ext_resource type="Script" uid="uid://cq8hehoo4wkie" path="res://Player/attack_cast.gd" id="3_btcbx"]
[ext_resource type="PackedScene" uid="uid://dt5so1rtl5wft" path="res://Player/area_attack.tscn" id="5_k53q1"]

[sub_resource type="Resource" id="Resource_od3ui"]
script = ExtResource("2_vtle1")
metadata/_custom_type_script = "uid://fw3riwubxub8"

[sub_resource type="CapsuleShape3D" id="CapsuleShape3D_hvfyp"]

[sub_resource type="SeparationRayShape3D" id="SeparationRayShape3D_l8h54"]
slide_on_slope = true

[node name="Player" type="CharacterBody3D" groups=["Player"]]
collision_layer = 5
script = ExtResource("1_l8h54")
mouse_sensitivity = 0.008
stats = SubResource("Resource_od3ui")

[node name="HealthComponent" parent="." instance=ExtResource("2_gwnis")]

[node name="CollisionShape3D" type="CollisionShape3D" parent="."]
shape = SubResource("CapsuleShape3D_hvfyp")

[node name="SpringArm3D" type="SpringArm3D" parent="."]
transform = Transform3D(1, 0, 0, 0, 0.165048, 0.986286, 0, -0.986286, 0.165048, 0, 0, 0)
shape = SubResource("SeparationRayShape3D_l8h54")
spring_length = 4.0

[node name="Camera3D" type="Camera3D" parent="SpringArm3D"]
transform = Transform3D(1, 0, 0, 0, 1, 0, 0, 0, 1, 0, 0.000166714, 1.0948)

[node name="HorizontalPivot" type="Node3D" parent="."]

[node name="VerticalPivot" type="Node3D" parent="HorizontalPivot"]

[node name="RigPivot" type="Node3D" parent="."]
transform = Transform3D(1, 0, 0, 0, 1, 0, 0, 0, 1, 0, -0.981184, 0)

[node name="Dash" parent="RigPivot" node_paths=PackedStringArray("player") instance=ExtResource("2_fhl08")]
player = NodePath("../..")

[node name="Rig" parent="RigPivot" instance=ExtResource("2_4ntmi")]

[node name="Skeleton3D" parent="RigPivot/Rig/CharacterRig/GameRig" index="0"]
bones/0/position = Vector3(5.68009e-15, 0.897349, -0.0481735)
bones/2/rotation = Quaternion(-0.00165472, -0.000413048, 0.00321472, 0.999993)
bones/3/rotation = Quaternion(-0.096317, -0.000377812, 0.00852015, 0.995314)
bones/4/rotation = Quaternion(0.27697, 1.57071e-08, 9.01077e-08, 0.960879)
bones/6/rotation = Quaternion(-0.156314, -1.17798e-07, -1.82861e-08, 0.987707)
bones/7/position = Vector3(-1.87477e-08, 0.897349, -0.0481734)
bones/8/position = Vector3(-6.04679e-08, 0.897349, -0.0481735)
bones/9/position = Vector3(0.131144, 0.963553, -0.0351291)
bones/9/rotation = Quaternion(0.993, 0.0208833, -0.0309437, 0.112056)
bones/11/rotation = Quaternion(0.421238, -0.000700548, 0.000325515, 0.90695)
bones/13/rotation = Quaternion(-0.752028, 0.0118872, 0.0244065, 0.658572)
bones/15/position = Vector3(-0.131144, 0.963553, -0.0351291)
bones/15/rotation = Quaternion(0.973113, -0.00579797, 0.0273112, 0.228629)
bones/17/rotation = Quaternion(0.445215, 0.00329732, -0.00163959, 0.895416)
bones/19/rotation = Quaternion(-0.688607, -0.0281949, -0.000704898, 0.724586)
bones/21/position = Vector3(0.0251286, 1.42754, 0.0425368)
bones/21/rotation = Quaternion(-0.492303, -0.258415, -0.400769, 0.728178)
bones/22/position = Vector3(0.188629, 1.46448, -0.0233668)
bones/22/rotation = Quaternion(0.0488538, -0.159847, 0.974492, -0.149755)
bones/23/rotation = Quaternion(7.21725e-08, -0.0167773, 6.69875e-08, 0.999859)
bones/24/rotation = Quaternion(0.300893, -0.016778, -0.0184333, 0.953332)
bones/46/position = Vector3(-0.0113635, 1.42754, 0.0425368)
bones/46/rotation = Quaternion(-0.510406, 0.221454, 0.375538, 0.741225)
bones/47/position = Vector3(-0.16742, 1.46494, -0.0392371)
bones/47/rotation = Quaternion(-0.0738633, -0.137082, 0.973314, 0.168558)
bones/48/rotation = Quaternion(1.04599e-07, 0.0145061, 1.17516e-07, 0.999895)
bones/49/rotation = Quaternion(0.334035, 0.0145066, 0.0289687, 0.942004)
bones/71/position = Vector3(0.127191, 1.34607, -0.0262952)
bones/71/rotation = Quaternion(1.93462e-08, 0.612497, 0.790473, -4.63981e-08)
bones/72/position = Vector3(-0.113426, 1.34607, -0.0262953)
bones/72/rotation = Quaternion(1.93463e-08, 0.612497, 0.790473, -4.63981e-08)

[node name="AnimationPlayer" parent="RigPivot/Rig/CharacterRig" index="1"]
deterministic = true

[node name="RightHandBone" parent="RigPivot/Rig" index="2"]
transform = Transform3D(-0.962343, -0.270802, -0.0237142, 0.240305, -0.88825, 0.391493, -0.127081, 0.371052, 0.919875, -0.341237, 0.983744, -0.0270089)

[node name="BoneAttachment3D" parent="RigPivot/Rig" index="3"]
transform = Transform3D(-0.970514, 0.239108, 0.0305215, -0.221114, -0.933507, 0.282266, 0.095984, 0.267194, 0.95885, 0.34544, 0.971425, -0.0468075)

[node name="RayAttachment" parent="RigPivot/Rig" index="4"]
transform = Transform3D(-0.962343, -0.270802, -0.0237142, 0.240305, -0.88825, 0.391493, -0.127081, 0.371052, 0.919875, -0.341237, 0.983744, -0.0270089)

[node name="AttackCast" type="RayCast3D" parent="RigPivot/Rig/RayAttachment" index="0"]
unique_name_in_owner = true
transform = Transform3D(0.0915929, -0.019491, -0.995604, -0.990258, 0.103513, -0.0931274, 0.104873, 0.994435, -0.00982014, -0.0225822, 0.0919224, -3.40641e-05)
target_position = Vector3(0, 1, 0)
collision_mask = 8
script = ExtResource("3_btcbx")

[node name="AreaAttack" parent="RigPivot" instance=ExtResource("5_k53q1")]
transform = Transform3D(1, 0, 0, 0, 1, 0, 0, 0, 1, 0, 1, 1)
collision_mask = 8

[connection signal="defeat" from="HealthComponent" to="." method="_on_health_component_defeat"]
[connection signal="heavy_attack" from="RigPivot/Rig" to="." method="_on_rig_heavy_attack"]

[editable path="RigPivot/Rig"]
[editable path="RigPivot/Rig/CharacterRig"]
